(*) mnist fashion_mnist:
0.745
0.85, 1.  , 0.65, 0.8 , 0.45, 0.85, 0.45, 1.  , 0.95, 0.85
0.75, 0.8 , 0.45, 0.8 , 0.5 , 0.8 , 0.45, 0.9 , 0.8 , 0.85
0.8 , 0.95, 0.45, 0.65, 0.7 , 0.9 , 0.2 , 0.9 , 0.85, 1. 

(*) mnist house_number:
0.24166666666666667
0.25, 0.3 , 0.15, 0.4 , 0.1 , 0.1 , 0.3 , 0.25, 0.1 , 0.15
0.25, 0.3 , 0.15, 0.35, 0.5 , 0.15, 0.3 , 0.25, 0.2 , 0.35
0.3 , 0.2 , 0.35, 0.3 , 0.2 , 0.15, 0.25, 0.2 , 0.2 , 0.2

(*) fashion_mnist mnist:
0.8283333333333334
0.95, 0.95, 0.6 , 0.9 , 0.75, 0.85, 1.  , 0.85, 0.85, 0.8
0.75, 0.9 , 0.95, 0.85, 0.85, 0.75, 0.95, 0.9 , 0.9 , 0.85
0.9 , 1.  , 0.5 , 0.5 , 0.95, 0.85, 0.7 , 0.75, 0.8 , 0.75

fashion_mnist house_number:
0.22333333333333333
0.2 , 0.3 , 0.05, 0.45, 0.3 , 0.1 , 0.15, 0.35, 0.2 , 0.2
0.35, 0.3 , 0.15, 0.4 , 0.25, 0.15, 0.35, 0.25, 0.2 , 0.2
0.5 , 0.1 , 0.15, 0.2 , 0.15, 0.05, 0.35, 0.25, 0.  , 0.05

house_number mnist:
0.73
0.8 , 0.95, 0.3 , 0.75, 0.9 , 0.8 , 0.95, 0.6 , 0.8 , 0.45
0.8 , 0.9 , 0.8 , 0.7 , 0.9 , 0.55, 0.9 , 0.85, 0.6 , 0.65
0.7 , 1.  , 0.25, 0.5 , 0.9 , 0.7 , 0.7 , 0.8 , 0.65, 0.75

house_number fashion_mnist:
0.7166666666666667
0.8 , 0.95, 0.75, 0.7 , 0.4 , 0.7 , 0.55, 0.9 , 0.85, 0.75
0.7 , 0.8 , 0.65, 0.8 , 0.7 , 0.75, 0.35, 0.9 , 0.65, 0.8
0.8 , 0.95, 0.35, 0.65, 0.8 , 0.65, 0.4 , 0.95, 0.6 , 0.9