mnist fashion_mnist:
0.75
0.7 , 1.  , 0.6 , 0.75, 0.6 , 0.9 , 0.5 , 1.  , 0.95, 0.9
0.8 , 0.8 , 0.5 , 0.8 , 0.55, 0.8 , 0.25, 0.85, 0.8 , 0.8
0.85, 0.95, 0.45, 0.7 , 0.75, 0.9 , 0.3 , 0.9 , 0.9 , 0.95

mnist house_number:
0.25333333333333335
0.35, 0.35, 0.15, 0.25, 0.15, 0.1 , 0.15, 0.3 , 0.1 , 0.25
0.2 , 0.4 , 0.15, 0.4 , 0.4 , 0.25, 0.25, 0.2 , 0.25, 0.25
0.5 , 0.1 , 0.35, 0.35, 0.25, 0.2 , 0.35, 0.2 , 0.25, 0.15

fashion_mnist mnist:
0.835
0.9 , 0.95, 0.65, 1.  , 0.7 , 0.8 , 1.  , 0.85, 0.75, 0.7
0.85, 0.9 , 0.9 , 0.85, 0.9 , 0.6 , 0.95, 0.9 , 0.9 , 0.9
0.95, 1.  , 0.5 , 0.6 , 0.9 , 0.85, 0.7 , 0.85, 0.8 , 0.95

fashion_mnist house_number:
0.296
0.3 , 0.4 , 0.1 , 0.45, 0.35, 0.1 , 0.25, 0.25, 0.1 , 0.2
0.45, 0.3 , 0.25, 0.3 , 0.4 , 0.3 , 0.35, 0.35, 0.25, 0.3
0.5 , 0.25, 0.45, 0.3 , 0.25, 0.25, 0.4 , 0.35, 0.05, 0.15

house_number mnist:
0.755
0.9 , 0.9 , 0.45, 0.9 , 0.85, 0.7 , 0.95, 0.75, 0.85, 0.6
0.8 , 0.9 , 0.9 , 0.75, 0.95, 0.6 , 0.75, 0.8 , 0.65, 0.75
0.9 , 1.  , 0.65, 0.5 , 0.85, 0.7 , 0.4 , 0.65, 0.6 , 0.7

house_number fashion_mnist:
0.7466666666666667
0.75, 1.  , 0.75, 0.75, 0.6 , 0.75, 0.5 , 0.95, 0.95, 0.75
0.65, 0.85, 0.75, 0.7 , 0.6 , 0.75, 0.5 , 0.9 , 0.6 , 0.75
0.9 , 0.9 , 0.5 , 0.75, 0.65, 0.85, 0.5 , 0.95, 0.7 , 0.9