mnist fashion_mnist:
0.7729166666666667
0.775 , 0.9625, 0.65 , 0.775 , 0.675 , 0.85  , 0.525 , 0.9375, 0.8625, 0.85
0.7125, 0.9375, 0.575 , 0.7625, 0.7   , 0.8125, 0.45  , 0.8875, 0.9   , 0.9375
0.775 , 0.95  , 0.5625, 0.8625, 0.5625, 0.8 , 0.4375, 0.85 , 0.9375, 0.9125

mnist house_number:
0.5045833333333334
0.6 , 0.525 , 0.4875, 0.4  , 0.5375, 0.4375, 0.425 , 0.6625, 0.35  , 0.4125
0.6 , 0.5625, 0.5625, 0.5125, 0.5875, 0.3875, 0.425 , 0.5625, 0.4375, 0.4625
0.6875, 0.6 , 0.5 , 0.425 , 0.575 , 0.425 , 0.3375, 0.6625, 0.45 , 0.5375

fashion_mnist mnist:
0.9220833333333334
1. , 0.95 , 0.9 , 0.925 , 0.925 , 0.8875, 0.975 , 0.9625, 0.9 , 0.8375
0.8875, 0.9875, 0.875 , 0.8375, 0.9 , 0.9625, 1. , 0.875 , 0.925 , 0.8375
0.9625, 0.9875, 0.9375, 0.9 , 0.8875, 0.95  , 0.95  , 0.9125, 0.925 , 0.9

fashion_mnist house_number:
0.5183333333333333
0.5625, 0.675 , 0.375 , 0.4125, 0.6375, 0.4875, 0.5125, 0.6 , 0.35  , 0.4375
0.6 , 0.5125, 0.5375, 0.525 , 0.675 , 0.375 , 0.5125, 0.6 , 0.4375, 0.4125
0.5875, 0.5625, 0.5625, 0.4625, 0.625 , 0.45  , 0.3875, 0.65 ,0.5 , 0.525

house_number mnist:
0.8908333333333334
0.95  , 0.95  , 0.875 , 0.875 , 0.925 , 0.8875, 0.95  , 0.8125, 0.7875, 0.875
0.8625, 0.9875, 0.825 , 0.8125, 0.925 , 0.8875, 0.9, 0.8875, 0.8875, 0.8125
0.9625, 1. , 0.9125, 0.875 , 0.8625, 0.9 , 0.95 , 0.875 ,0.825 , 0.8875

house_number fashion_mnist:
0.77375
0.8 , 0.95  , 0.6125, 0.8125, 0.5875, 0.825 , 0.5875, 0.9375, 0.8375, 0.9
0.7 , 0.9   , 0.6625, 0.75  , 0.675 , 0.7875, 0.5625, 0.875 , 0.875 , 0.925
0.7375, 0.95  , 0.575 , 0.8125, 0.55  , 0.825 , 0.55  , 0.825 , 0.875 , 0.95